
0000000000000000000000000000000000000000000000000000000000000000000000000000000000000000000000112101111101111161715131720222019192321253230293034333434302623
000000000000000000000000000000000000000000000000000000000000000000000000000000000000000000000066101310791112141715171718211919192426273233323233343131272824
000000000000000000000000000000000000000000000000000000000000000000000000000000000000000000000126141398101716161615141521232020232631333334323031312426303226
00000000000000000000000000000000000000000000000000000000000000000000000000000000000000000000145813121112141615111316161922212025293334333233272425252023263034
0000000000000000000000000000000000000000000000000000000000000000000000000000000000000000000033810991314141415151518192123212127313432303333272427272222212531
0000000000000000000000000000000000000000000000000000000000000000000000000000000000000000000252687101313121414151820212424222325303335332933302427252122242632
0000000000000000000000000000000000000000000000000000000000000000000000000000000000000000000775789111513111114151721202724242931363837332725212321211924312634
00000000000000000000000000000000000000000000000000000000000000000000000000000000000000000016787710141416151617202222192623212633343533333026262625212229303136
00000000000000000000000000000000000000000000000000000000000000000000000000000000000000000149897913131417202022252423192629293134343128272928263528222935293134
000000000000000000000000000000000000000000000000000000000000000000000000000000000000000003669891215151516192124272723202328323332322924242526313030252830283134
00000000000000000000000000000000000000000000000000000000000000000000000000000000000000003678118101313131215141216202524201718242831313022232022293127313130293840
0000000000000000000000000000000000000000000000000000000000000000000000000000000000000002531388799912161210581422181921242828292726302420242625283131293338
00000000000000000000000000000000000000000000000000000000000000000000000000000000000000046413656791316141176132021212123252728293130333028232626292933383938
00000000000000000000000000000000000000000000000000000000000000000000000000000000000000266656655711201788917242219192327302931313834302829323430303137393941
0000000000000000000000000000000000000000000000000000000000000000000000000000000000000025436554591218151291220192019202129343029253134262827323037393636394241
00000000000000000000000000000000000000000000000000000000000000000000000000000000000012255564555101415101071419161618192227302930293031262730303238383938394242
000000000000000000000000000000000000000000000000000000000000000000000000000000000000131243543469121096101713131417232827263028333432273135353436363537404446
000000000000000000000000000000000000000000000000000000000000000000000000000000000000-113-1235633691197710108101218242524262828303131303338363333353336394244
00000000000000000000000000000000000000000000000000000000000000000000000000000000000-10422334456791197911910121215182023273032323033353534343032323437394346
00000000000000000000000000000000000000000000000000000000000000000000000000000000000-123433334666777810101012131417202222253133343032333333313032353941434749
000000000000000000000000000000000000000000000000000000000000000000000000000000000011-113454435577381011111013162023232223262731353233343432293134404345485251
000000000000000000000000000000000000000000000000000000000000000000000000000000000226565654445579791010101114171921202123262529313434313228293236404348505351
00000000000000000000000000000000000000000000000000000000000000000000000000000000122265476556678769119111213131720202225242529323533302927303335404347494847
0000000000000000000000000000000000000000000000000000000000000000000000000000000011123581065579787681011111112141719192225242529293229282728313434414546454546
00000000000000000000000000000000000000000000000000000000000000000000000000000000035658864679987767911111112151618202223212429282624232527323337444442434546
0000000000000000000000000000000000000000000000000000000000000000000000000000001227106699666810879788910131615161618212222212325222121212426303336383941434547
00000000000000000000000000000000000000000000000000000000000000000000000000000046614119811108871014109108991012161817151517211919222120212021212425262931313741434547
00000000000000000000000000000000000000000000000000000000000000000000000000000236121381012131199911161310111310101012151817182019212121201920212222232326262629333841414141
0000000000000000000000000000000000000000000000000000000000000000000000000000035798811131412107713161411101110101212182424242323202323202121222326262525262931353739373534
00000000000000000000000000000000000000000000000000000000000000000000000000001349111112131515121111131517151211119101212182624222323222524222323242426262627303432333436323029
000000000000000000000000000000000000000000000000000000000000000000000000000034710913151819181312101824221614121112101113161718202224242421192224242425252530323432303232303029
000000000000000000000000000000000000000000000000000000000000000000000000000047109913172022181614162425232018151111101112131418202123252424222121232325272831343228272727262627
00000000000000000000000000000000000000000000000000000000000000000000000000036910101116192120171719242524232321201612111111101317171923272830302724252829313032323029262627252625
000000000000000000000000000000000000000000000000000000000000000000000000003671110121517202018202023252425242425231815141212111115162023282930282825283030302831292726262526262324
00000000000000000000000000000000000000000000000000000000000000000000000003569912181718171717202324272727272625242118151311101113151723262827242424293333323130252623222424242225
00000000000000000000000000000000000000000000000000000000000000000000000036410151614171817161720222529303029303028292519131111111417171921272627252426293234322927242422212224232223
00000000000000000000000000000000000000000000000000000000000000000000000265917201916151617161720232731313233343333322520141312141417181923262624242424273234312524292223252423222426
00000000000000000000000000000000000000000000000000000000000000000000002774715181815141517181921273233313133353634302215131413151920181921222221212326303233272424222223252623252424
000000000000000000000000000000000000000000000000000000000000000000000057881216171613131616172226283134333134373833261611131413151718192220202022222426302929272726262431292523222324
00000000000000000000000000000000000000000000000000000000000000000000013551398121314151923212530333438363534322931251514141313141617182019202122222425262625252725262628242524232122
00000000000000000000000000000000000000000000000000000000000000000000044920232014111314182222252832374042413633292725241817141414151619181816162021222326262523222327252626252626262323
000000000000000000000000000000000000000000000000000000000000000000001441320263025131014172223252833374043403529262223242118171515151618181714151621252527282822182123252725252324252323
000000000000000000000000000000000000000000000000000000000000000000001471219293627171613142024253135394040403630232021221816181816171617161413151517202428272925212426262526242324262424
000000000000000000000000000000000000000000000000000000000000000000013471320323122161414192221263236424140373230222017181817171615181718181515181718202426242724242725252525242224262725
0000000000000000000000000000000000000000000000000000000000000000001343111723272417131318212628333943464539352927211820181720211915161817201721171818202020212323252425262725232525252726
00000000000000000000000000000000000000000000000000000000000000000134711152225231915161518243135384450484235352924211817191716191717191919191622191819191818202222232324252624232525262627
00000000000000000000000000000000000000000000000000000000000000000353918212222211616182222263237414648443733312722212018141719171817171920222018181820211918192225252425252524222323252831
000000000000000000000000000000000000000000000000000000000000000016781317212119171617212424283440444543393630272724222026221823202020182022232218182021201921212026272422212123222124253135
0000000000000000000000000000000000000000000000000000000000000000159131618202017161821262831323642464542363329242121181622262425242419212020202121222323221919202424222320181921192025293440
00000000000000000000000000000000000000000000000000000000000000011311151617171615161922272934364045464238333028202024242326292629242327292622182122232424242019202223212019202121202425303440
00000000000000000000000000000000000000000000000000000000000000044610121615141616192126272936404143443932282423212123242727262529282228272721182123232426252118212022191919192221232427323842
000000000000000000000000000000000000000000000000000000000000005351916111413151820232327293033383938373327252620202023252728262423252725253023182022232325252017192022222121202019232529344044
000000000000000000000000000000000000000000000000000000000000036682128171113172023222023262831343736343126212422202022282524242423222222262219202222242322232019202020212120212122242730353740
00000000000000000000000000000000000000000000000000000000000006610142525171413172020212024293236383732322724232625222322282725242427242120222120192122212021232021201921201922222122232932333132
00000000000000000000000000000000000000000000000000000000000044614202423181416171716202326293641413933323229232422282827303126252222222220202120212222221620211820202220182224212124273233312827
00000000000000000000000000000000000000000000000000000000000256913182528241514161617212328333946444237312834272223253937343427262123242117201920182025252019211822232220192322222326283232282725
000000000000000000000000000000000000000000000000000000000003391012182527231615161719192330363845464137332531322723283533313127252325292020212125222326262422202021221921212222232526282826252525
0000000000000000000000000000000000000000000000000000000000474111212172223222021202019192228384448474240322524292928323532272625242627271920252626242525242321212119201819232321212424242325252526
0000000000000000000000000000000000000000000000000000000004879151720222627232222212219182229344148453735303025273032313430292725262730312930282828292727282725222221222022202222232323222325242425
00000000000000000000000000000000000000000000000000000000476612171925262625232120211919192327283442403530272830313333313231302726272932353535333638343129302926222221212121202223232324252323252625
00000000000000000000000000000000000000000000000000000000874713192326252624232320191620222625212939393734292730333130313128282629292932323839373636343126262524212022202022222321202025252423252424
00000000000000000000000000000000000000000000000000000006879915212629272524242320201822252425223236362827283034353532312827252627303133333540373831282623232323232020212322232321212421232423252424
0000000000000000000000000000000000000000000000000000003557101316243132252624242322202224242221273337312724283234333433272827273030293033363739373629262422212425232122222222242322232521212324252528
00000000000000000000000000000000000000000000000000000057711101824283127232422232423212625232626313638352830313231313432302727283029303233343334353327242322232422222224242522212025242524232425252833
00000000000000000000000000000000000000000000000000000354815161828353425222328262625252828232431383839363127303232293029282627282829313132313130332927242322242422232424242422212225262730302727282930
000000000000000000000000000000000000000000000000000004781418222128333227232429262729292825232937383737333131292829292926252629272829303131312827272424252523252525242525252422232527303535312828292931
0000000000000000000000000000000000000000000000000000267131721242529302827282934323130262630373938373530302829282930292425232526282929302829292726272725252627262627262427282624272729313533313231323133
0000000000000000000000000000000000000000000000000001377172227272728292525283232333329252535404035313228293128252826252425272729303028272930272627272627272627262826252629312827293133343432333433343739
00000000000000000000000000000000000000000000000000023818212529323127292830303233373935363939424037343331312925262625252526272728292928272929272526272630292828282826262828292930333638383838414241403840
000000000000000000000000000000000000000000000000003361518212829323131323233323640404242444641423837363533302726272627262728282729313129312828292928282729282827312927292832323333374041404043495149433838
000000000000000000000000000000000000000000000000024271319253132323031323334384245464444424440373535363533302826252628272830293231303030323325282930313132322930302625302830333333353840434548515145424139
0000000000000000000000000000000000000000000000002158121620283031313131323335394549544946414139363636353332302928292829303033343432333332343632273233343636343332282525292830333333353943465253494645433939
00000000000000000000000000000000000000000000000032812182124293234333231303137414249544944434239373736343129282927282831343237373633363836383937343436373938393528272728293030323334353944484947454444423938
000000000000000000000000000000000000000000000001231320212327323334303131313637424651535148444139343636333330302727293337383435373637383839384037373739403738353128252630333235353637374146464544434341404139
000000000000000000000000000000000000000000000014381519222427302829323231363738425053514846393534323635373934312930303235373738394042414144424137383840393636353130282732363535374040384042424343423940393937
0000000000000000000000000000000000000000000000468132021222425262728293032333739434851504644403637333234373330292830323433343538404345434445444338434443403636343130313134383735394342394144484643413937363735
00000000000000000000000000000000000000000000023916212223232425252627283333353841434551484442373737313031333229293133333435363845464750505150504446464747413634343329313135373636404545424249545046433937353533
000000000000000000000000000000000000000000002651419222221242325272727283334363742464847444340373634313030293131293333343236394344444749535553494446464946413833343334323035363840414748444550524946423835343533
000000000000000000000000000000000000000000004661519242524252425303027303636384145464544444342403533333230303230313132353334374348454646515150474850464843423936353638363334353640414648494947464544403937353534
0000000000000000000000000000000000000000000477121618222424262727272833384439414345464445414342383434333432303235343132333437363740424145484850515252524239413634343943383535363739415253514948474442403636363535
00000000000000000000000000000000000000000005916211819222426272927283036353841434648474544434240373130303033272533313033323436394041414246454952525652504138403736354549403639414144485655514947474442403734363535
000000000000000000000000000000000000000001551122212122232530343028283338413940454849484646464640332930292929252727262830343537393944444447475152525249454237363435374245403742514845475354525251484843393533353735
000000000000000000000000000000000000000003591829272423222639363029323536404445505152535049494441322928272929273028282931343736374144454950525152484745423937373636383640414146545348484951505051504844403735353636
0000000000000000000000000000000000000000238152122232326262525262930343635454850575553534950484538323029242830272728283136363940404445454950524850484645403937373736373636404349555956505249504949494842413935353536
00000000000000000000000000000000000000018411171720202428282825283133364044495155625555615150474034323028273234292829303336384042444549504850515047464442413741403534383841434552555859535149474545494842413936383737
00000000000000000000000000000000000000023716191621222528302928292933374143505555585551545148423632292829282929292832353537393941464752515050494746413737383844453936374046474648515456555350474443464442403837373838
000000000000000000000000000000000000001251116181820212327282927283334394147506062585449484746403430282930282930313134363636394042464753504948474441363739424245444140424654585854515454545350454443434138373738383738
000000000000000000000000000000000000002461917171922242427262728313338394651556263565148464643383232302930323129323335363537394348525453514948464542414041444646434339424555586457535654514846434443403937383737383638
00000000000000000000000000000000012103611152014161722212326272829323538414855676963565149454439353234303029313130313235363540434552555757555249464543423841464947464241434955606158575653494948434441393838353738393938
00000000000000000000000000000000012345812221816192020212430313232363843434854586468585148444336313537313132303031323434343641444550565857565348444443434344464951474343434750585957585652484747474745413936373636384040
0000000000000000000000000000000011104122119191919212122222529323939414551495155566153474747403432323533293030303233333534373841444648555355545149474543444544474950454443454750606459555452494848505145413938373739404145
0000000000000000000000000000000020124192923171921212123242528303640424752525255565750464542373236363230303230302931313435384041434547505151525252504747454648495252494647514855636760545351494950484442404039383840383941
0000000000000000000000000000000143359151918161921222226283029323641434447495153555552474038323235363432343735363330333640424547474649505049505050494848474748515152524745464955646460565251505048454341413942413940403939
000000000000000000000000000000104591723191716151620232527292932353740464849515152534945414136333435353535353637353533333539444749504851504946465052505250474850515153504948484854575955555153525148454443404042404141444138
0000000000000000000000000000004448202020171616171920202529323537363942465054554949504443383836353536353535343635353633343638424449504950494748464746485050495153555656555049545553535454535254525249464343404043434447464442
0000000000000000000000000000022324101513151515151819222630323537404044485360575248494241353337363535343334343535363533333740434449474849494747474848454952535456565758565352605857545452505054545048464343414042414447464744
0000000000000000000000000000114025101313131919202221242831353639434344495460595545443937363438373534323233363535353333343939434751494949484848484851474850545457586160575354606057565450464748505047434240394041424346474741
00000000000000000000000000004425510121412121623222223263033374042444850525660554843413739373433343333323434383636363435354040434649484847474949484949474951545453576262585957605856545451484745444444414139414141424546454445
00000000000000000000000000006624613121212161722272125273134384146464954535252494541393533373734323434333637373536363535353741434444454747474950464748495054595654585962626461585755545350484644414241404139394042444446464647
000000000000000000000000000264-2-11216141916181920242529313437414147505353534845444035363533313331323335343434353233353533373941414244464746474948474849505055575759585762676966595756545147474746414140414042414242444446484747
000000000000000000000000001554491314161720242223253031323639444448525352524543383634363431313032343636373432353732363935403941414445474947444646474950515153545455575963646665635754535251494847454441404142424344454544454648
00000000000000000000000000143411111417192122222423273336344242454853555451494440353228293231333337353535373635384138384038414038404446505148434244475052525154555656565965676363605753555556535351454542414343414246454646454648
000000000000000000000000012651115171918222223232529323537414648515459606353484040383430303132333436353737363939394038364040374038394244454948444343464849515254565859586267655957545555545553505149454444434242434444454545474748
000000000000000000000000187291922282620222021242731373940444751545859595950433836343331313334343537383736333336414039374143393735373941434646444245464746485154575958566063605755535453505151505148454242424343434242444346464947
00000000000000000000000076711162125272423232629292932353841434753565757576056444136333231323635363636363635323134404240394239383638353941414344424143434648515353576060565857565453535452494849494845444343414244454545444748474950
00000000000000000000000258914202123212122283032343435363740455054575959565855413937363132303232373838363534343338404343424040383739383838404040424245454548505455565959535758545350515147474847474846444242424443464646464848495150
000000000000000000000045251018232320202222232733383941394042465154576061585960464238353334323331333638373435353337393942413737383839414138403841414344475152535454575756565553505351514947474846454645434142424445464748484949495253
0000000000000000000001868161417222420192222243536384144414446495558616162575050444037363333393834363937313233353738394142413637383839404442413941424345465154535355555455535351545252504951504947454645434545444545484949484949495152